layout_spectrum: 0.3136201
color:
  saturation: 0.3614518
  brandStrength: 0.4892
  lightness: 0.734767
  rhythmicContrast: 0.9735511
typography_spectrum: 0.3189964
name: sfleitartist
